99999 140 99999 99999 99999 99999 99999 99999 99999 99999 99999 99999 99999 99999 99999 99999 99999 99999 99999 99999 99999 99999 99999 99999 99999
140 99999 675 99999 99999 99999 99999 99999 99999 99999 99999 99999 99999 99999 99999 99999 99999 99999 99999 99999 99999 99999 99999 99999 99999
99999 675 99999 672 99999 902 99999 99999 99999 99999 409 367 99999 99999 99999 99999 99999 99999 99999 99999 99999 99999 99999 99999 99999
99999 99999 672 99999 255 607 99999 99999 99999 99999 99999 99999 99999 99999 99999 99999 99999 99999 99999 99999 99999 99999 99999 99999 99999
99999 99999 99999 255 99999 99999 99999 99999 99999 99999 99999 99999 99999 99999 99999 99999 99999 99999 99999 99999 99999 99999 99999 99999 99999
99999 99999 902 607 99999 99999 639 967 99999 99999 99999 99999 99999 99999 99999 99999 99999 99999 99999 99999 99999 99999 99999 99999 99999
99999 99999 99999 99999 99999 639 99999 1100 99999 99999 99999 99999 99999 99999 99999 99999 99999 99999 99999 99999 99999 99999 99999 99999 99999
99999 99999 99999 99999 99999 967 1100 99999 842 99999 99999 99999 99999 99999 99999 99999 99999 99999 99999 99999 99999 99999 99999 99999 99999
99999 99999 99999 99999 99999 99999 99999 842 99999 511 99999 99999 99999 99999 99999 99999 99999 99999 676 99999 99999 99999 99999 99999 99999
99999 99999 99999 99999 99999 99999 99999 99999 511 99999 534 99999 99999 99999 349 99999 695 99999 99999 99999 99999 99999 99999 99999 99999
99999 99999 409 99999 99999 99999 99999 99999 99999 534 99999 99999 99999 99999 99999 99999 99999 99999 99999 99999 99999 99999 99999 99999 99999
99999 99999 367 99999 99999 99999 99999 99999 99999 99999 99999 99999 622 825 99999 99999 99999 99999 99999 99999 99999 99999 99999 99999 99999
99999 99999 99999 99999 99999 99999 99999 99999 99999 99999 99999 622 99999 99999 99999 99999 99999 99999 99999 99999 99999 99999 99999 99999 99999
99999 99999 99999 99999 99999 99999 99999 99999 99999 99999 99999 825 99999 99999 651 99999 99999 99999 99999 99999 99999 99999 99999 99999 99999
99999 99999 99999 99999 99999 99999 99999 99999 99999 349 99999 99999 99999 651 99999 200 99999 99999 99999 99999 99999 99999 99999 99999 99999
99999 99999 99999 99999 99999 99999 99999 99999 99999 99999 99999 99999 99999 99999 200 99999 137 99999 99999 99999 99999 704 99999 99999 99999
99999 99999 99999 99999 99999 99999 99999 99999 99999 695 99999 99999 99999 99999 99999 137 99999 668 99999 99999 99999 99999 99999 99999 99999
99999 99999 99999 99999 99999 99999 99999 99999 99999 99999 99999 99999 99999 99999 99999 99999 668 99999 1145 99999 99999 99999 99999 99999 99999
99999 99999 99999 99999 99999 99999 99999 99999 676 99999 99999 99999 99999 99999 99999 99999 99999 1145 99999 216 1892 99999 99999 99999 99999
99999 99999 99999 99999 99999 99999 99999 99999 99999 99999 99999 99999 99999 99999 99999 99999 99999 99999 216 99999 99999 99999 99999 99999 99999
99999 99999 99999 99999 99999 99999 99999 99999 99999 99999 99999 99999 99999 99999 99999 99999 99999 99999 1892 99999 99999 99999 99999 99999 99999
99999 99999 99999 99999 99999 99999 99999 99999 99999 99999 99999 99999 99999 99999 99999 704 99999 99999 99999 99999 99999 99999 397 305 99999
99999 99999 99999 99999 99999 99999 99999 99999 99999 99999 99999 99999 99999 99999 99999 99999 99999 99999 99999 99999 99999 397 99999 99999 99999
99999 99999 99999 99999 99999 99999 99999 99999 99999 99999 99999 99999 99999 99999 99999 99999 99999 99999 99999 99999 99999 305 99999 99999 242
99999 99999 99999 99999 99999 99999 99999 99999 99999 99999 99999 99999 99999 99999 99999 99999 99999 99999 99999 99999 99999 99999 99999 242 99999
